6444
3787
8116
5329
3508
9391
8760
5502
6225
5871
2078
3013
4710
2305
8444
1948
2260
1708
2277
4357
3112
9234
4303
1849
9049
9798
4389
1112
2581
4088
5949
2623
6029
7113
2218
1175
2967
3188
4242
5079
856
2625
8011
293
9289
7304
4887
5786
2373
4589
9631
5469
5212
2316
4889
6241
6792
3956
3675
9880
378
8852
9133
7962
988
2619
3354
6798
1366
7213
1068
6538
4942
7791
7151
9038
8910
3342
6988
1979
306
7441
5001
4800
9048
6099
6177
8595
8055
5768
1830
2400
8866
287
4900
1680
9787
7127
5005
4711