1427240
318025
2020018
1589370
2348829
2362122
2155042
113413
232221
1078650
1791667
2208755
1375715
2767437
2424462
3269192
1793252
1097367
356499
2061986
2628458
1429154
306529
899342
518592
948393
1485288
1779107
1543808
2954380
1748426
3184727
2152269
3232218
812387
2281913
975593
2267353
2346100
229476
859917
756136
2253936
2849824
1162561
2634254
2279246
22665
2032326
1305353
3091471
3885
1560766
1432179
1555593
2599290
1088343
2648496
1590831
120700
593577
2435934
1598016
515435
1151296
2049939
647141
2492191
819618
3096308
908083
2583563
636735
970307
307508
1944707
2306351
1844752
1436835
2174995
2185710
2291682
2145781
3189963
705156
2393826
797279
402963
2049651
1519215
1548199
2234064
2599714
1181986
2234283
1404536
2841511
2811095
865489
2070430
1965091
1824996
2936051
893630
1073501
402350
3171925
2178738
1618189
2157695
1838417
2184677
1835616
2433533
1763422
3353754
738034
357070
370229
214621
1365458
1513259
1234630
2576829
2119151
2605434
3148381
3283001
648096
468701
2349899
316643
1773240
1789912
2906347
1636381
1327916
2266081
2501746
1755178
1173531
506241
1978061
884741
150033
2547900
819401
1493108
2321312
1212396